6c 80 08 00 00 00 00 00 00 00
6c 8f b1 1d 94 c8 40 5c 76 07 
6c 8f f2 1f 49 4c 58 9c 00 00 
73 11 2c 
6c 80 0d 33 c9 a1 94 f8 3e b2 
6c 70 14 16 e0 4b 2d 65 b8 
6c 70 58 e6 6c 67 c2 ed 82 
6c 70 e9 38 66 fd 82 18 f4 
6c 60 47 d1 92 88 45 ae 
66
73 14 d2 
53 10 16 54 68 69 73 20 69 73 20 48 57 32 20 74 65 73 74 20 63 61 73 65 2e 
53 10 25 54 6f 64 61 79 20 69 73 20 31 32 2f 30 32 2f 32 30 31 38 20 40 63 73 75 20 26 20 74 68 61 74 27 73 20 69 74 2e 
53 10 0f 23 48 57 32 20 20 20 23 43 53 32 35 33 7b 7d 
